1111 100000020000001000000200000000000000000000 [-2 -2 0 1 -2 0 -2]
1112 120000020000001000000000000000000000000000 [-3 -1 -3 -1 -2 -3 -3]
1113 102000020000001000000000000000000000000000 [-3 -3 -1 -2 -3 -3 -4]
1114 100200020000001000000000000000000000000000 [-6 -5 -5 -2 -6 -5 -5]
1115 100020020000001000000000000000000000000000 [-5 -5 -2 2 -3 -3 -5]
1116 100002020000001000000000000000000000000000 [-4 -4 -2 1 -2 -2 -2]
1117 100000220000001000000000000000000000000000 [-2 -2 -2 2 -2 0 -2]
1121 110000020000002000000000000000000000000000 [0 2 -1 3 -1 -1 -1]
1122 110000022000000000000000000000000000000000 [-2 0 -2 0 -2 0 -2]
1123 112000020000000000000000000000000000000000 [-3 -1 0 -3 -3 -3 -3]
1124 110200020000000000000000000000000000000000 [-5 -1 -4 0 -4 -5 -3]
1125 110020020000000000000000000000000000000000 [-5 2 0 3 -3 2 2]
1126 110002020000000000000000000000000000000000 [-4 2 0 3 1 -2 -2]
1127 110000220000000000000000000000000000000000 [-2 3 0 3 0 -2 0]
1131 101000020000002000000000000000000000000000 [0 -1 3 2 -1 -1 -2]
1132 121000020000000000000000000000000000000000 [-3 0 0 0 -2 -2 -3]
1133 101000020200000000000000000000000000000000 [-3 -2 0 0 -4 -2 -3]
1134 101200020000000000000000000000000000000000 [-5 -4 -1 0 -4 -4 -6]
1135 101020020000000000000000000000000000000000 [-2 0 1 1 2 0 -2]
1136 101002020000000000000000000000000000000000 [-2 0 0 2 0 2 -2]
1137 101000220000000000000000000000000000000000 [-2 0 3 4 0 2 -1]
1141 100100020000002000000000000000000000000000 [3 3 2 4 3 3 2]
1142 120100020000000000000000000000000000000000 [-1 2 0 3 2 2 -2]
1143 102100020000000000000000000000000000000000 [-2 -3 0 0 -3 1 0]
1144 100100020020000000000000000000000000000000 [-2 -3 0 1 -3 0 -2]
1145 100120020000000000000000000000000000000000 [2 3 1 2 4 0 2]
1146 100102020000000000000000000000000000000000 [1 3 2 4 -2 3 0]
1147 100100220000000000000000000000000000000000 [2 3 4 4 2 1 0]
1151 100010020000002000000000000000000000000000 [-1 -1 -1 3 -2 0 -2]
1152 120010020000000000000000000000000000000000 [-2 2 -2 2 -1 0 -2]
1153 102010020000000000000000000000000000000000 [-3 -3 0 -3 2 0 -2]
1154 100210020000000000000000000000000000000000 [-6 -4 -4 -1 -2 -4 -5]
1155 100010020002000000000000000000000000000000 [-4 -2 -4 -1 -2 -2 -3]
1156 100012020000000000000000000000000000000000 [-2 1 0 -2 -2 1 -3]
1157 100010220000000000000000000000000000000000 [-2 0 0 2 2 -1 -2]
1161 100001020000002000000000000000000000000000 [2 -1 -1 3 0 0 -1]
1162 120001020000000000000000000000000000000000 [-3 1 -2 2 0 2 -3]
1163 102001020000000000000000000000000000000000 [-3 -3 0 1 0 -2 -1]
1164 100201020000000000000000000000000000000000 [-5 -5 -4 0 -4 2 -5]
1165 100021020000000000000000000000000000000000 [-3 2 0 0 -1 -2 -3]
1166 100001020000200000000000000000000000000000 [-2 -1 0 1 -2 0 -3]
1167 100001220000000000000000000000000000000000 [0 -2 2 1 -1 2 0]
1171 100000120000002000000000000000000000000000 [0 -1 -2 2 -2 -1 -2]
1172 120000120000000000000000000000000000000000 [-3 -1 -3 -2 -2 -3 -3]
1173 102000120000000000000000000000000000000000 [-4 -3 0 0 -2 -1 -4]
1174 100200120000000000000000000000000000000000 [-5 -3 -6 0 -5 -5 -4]
1175 100020120000000000000000000000000000000000 [-5 2 -2 2 0 -3 -4]
1176 100002120000000000000000000000000000000000 [-2 -2 -2 0 -3 -2 -2]
1177 100000120000020000000000000000000000000000 [-1 0 0 1 0 0 -1]
1211 120000010000002000000000000000000000000000 [-3 -2 -2 -2 -2 -2 -2]
1212 120000012000000000000000000000000000000000 [-1 -1 -3 -1 -3 -4 -4]
1213 122000010000000000000000000000000000000000 [0 -1 0 0 0 -3 -3]
1214 120200010000000000000000000000000000000000 [-3 -3 -2 -2 -3 -5 -3]
1215 120020010000000000000000000000000000000000 [-1 -3 -3 -1 -1 -3 -3]
1216 120002010000000000000000000000000000000000 [0 -3 -3 0 -3 -2 -2]
1217 120000210000000000000000000000000000000000 [0 -1 0 0 -2 -2 -2]
1221 120000021000000000000000000000000000000000 [-1 2 0 2 2 1 -1]
1222 120000001000000200000000000000000000000000 [-3 -2 -3 -2 -2 -3 -3]
1223 122000001000000000000000000000000000000000 [-1 3 -2 3 -1 -1 -1]
1224 120200001000000000000000000000000000000000 [-3 2 -3 4 -1 -3 -1]
1225 120020001000000000000000000000000000000000 [-3 0 -3 2 -2 -3 -3]
1226 120002001000000000000000000000000000000000 [-3 -1 -3 2 -2 2 -2]
1227 120000201000000000000000000000000000000000 [-1 2 -1 3 -1 -2 -1]
1231 121000020000000000000000000000000000000000 [-3 0 0 0 -2 -2 -3]
1232 121000002000000000000000000000000000000000 [-3 -3 -1 -3 -3 -3 -3]
1233 121000000200000000000000000000000000000000 [-5 -3 -3 -3 -3 -4 -4]
1234 121200000000000000000000000000000000000000 [-2 -3 -1 -2 -3 -4 -3]
1235 121020000000000000000000000000000000000000 [-3 -3 -2 -2 -1 -3 -3]
1236 121002000000000000000000000000000000000000 [-3 -3 -2 -3 -3 -3 -3]
1237 121000200000000000000000000000000000000000 [0 -1 0 0 -1 0 -2]
1241 120100020000000000000000000000000000000000 [-1 2 0 3 2 2 -2]
1242 120100002000000000000000000000000000000000 [-1 -3 -3 -2 -2 -2 -2]
1243 122100000000000000000000000000000000000000 [0 3 2 -2 -1 0 0]
1244 120100000020000000000000000000000000000000 [-5 -3 -3 -2 -3 -3 -4]
1245 120120000000000000000000000000000000000000 [-1 2 -2 -1 -2 -3 -2]
1246 120102000000000000000000000000000000000000 [0 2 -3 4 -3 2 -2]
1247 120100200000000000000000000000000000000000 [0 3 0 2 0 -2 -1]
1251 120010020000000000000000000000000000000000 [-2 2 -2 2 -1 0 -2]
1252 120010002000000000000000000000000000000000 [-3 -1 -3 -2 -1 0 -3]
1253 122010000000000000000000000000000000000000 [0 -1 2 -1 3 0 0]
1254 120210000000000000000000000000000000000000 [-3 -1 -3 0 -2 -4 -3]
1255 120010000002000000000000000000000000000000 [-3 -2 -3 -2 0 0 -4]
1256 120012000000000000000000000000000000000000 [-3 -2 -3 -3 -2 -2 -3]
1257 120010200000000000000000000000000000000000 [-2 -1 -1 0 0 0 -2]
1261 120001020000000000000000000000000000000000 [-3 1 -2 2 0 2 -3]
1262 120001002000000000000000000000000000000000 [-4 -3 -3 -2 0 -3 -4]
1263 122001000000000000000000000000000000000000 [-3 -1 0 0 0 -1 -3]
1264 120201000000000000000000000000000000000000 [-5 -3 -4 2 -4 -3 -5]
1265 120021000000000000000000000000000000000000 [-3 -3 -3 -3 -2 -3 -3]
1266 120001000000200000000000000000000000000000 [-2 -2 -2 -1 0 -2 -3]
1267 120001200000000000000000000000000000000000 [-2 -2 0 -2 0 0 -2]
1271 120000120000000000000000000000000000000000 [-3 -1 -3 -2 -2 -3 -3]
1272 120000102000000000000000000000000000000000 [-4 -3 -3 -2 -3 -4 -4]
1273 122000100000000000000000000000000000000000 [-3 -1 0 0 0 -3 -3]
1274 120200100000000000000000000000000000000000 [-3 -1 -3 -2 -3 -5 -4]
1275 120020100000000000000000000000000000000000 [-3 -3 -3 -2 -2 -3 -3]
1276 120002100000000000000000000000000000000000 [-2 -2 -3 -2 -3 -2 -2]
1277 120000100000020000000000000000000000000000 [-2 -2 -3 0 -2 -2 -2]
1311 102000010000002000000000000000000000000000 [-3 -3 0 -2 -3 -2 -3]
1312 122000010000000000000000000000000000000000 [0 -1 0 0 0 -3 -3]
1313 102000010200000000000000000000000000000000 [-2 -4 -2 -3 -4 -5 -7]
1314 102200010000000000000000000000000000000000 [-3 -5 -1 -16 1 -16 3]
1315 102020010000000000000000000000000000000000 [-4 -3 -1 -16 4 -1 -16]
1316 102002010000000000000000000000000000000000 [-2 -3 0 -3 -2 0 -3]
1317 102000210000000000000000000000000000000000 [0 0 0 2 0 -2 -3]
1321 112000020000000000000000000000000000000000 [-3 -1 0 -3 -3 -3 -3]
1322 112000002000000000000000000000000000000000 [-3 -3 -1 -4 -3 -3 -4]
1323 112000000200000000000000000000000000000000 [-4 -3 -3 -4 -3 -3 -4]
1324 112200000000000000000000000000000000000000 [-5 -2 -3 -1 -2 -5 -5]
1325 112020000000000000000000000000000000000000 [-3 -2 -2 0 -2 -2 -4]
1326 112002000000000000000000000000000000000000 [-3 -3 -2 -3 -3 -3 -3]
1327 112000200000000000000000000000000000000000 [0 -3 1 -3 -3 -3 -3]
1331 102000020100000000000000000000000000000000 [-1 0 3 0 0 0 0]
1332 122000000100000000000000000000000000000000 [0 -2 3 2 2 0 0]
1333 102000000100000020000000000000000000000000 [-3 -3 -1 -3 -2 -2 -3]
1334 102200000100000000000000000000000000000000 [-1 -16 3 -1 -16 1 -16]
1335 102020000100000000000000000000000000000000 [-1 -16 2 -1 -16 -16 1]
1336 102002000100000000000000000000000000000000 [0 -2 2 0 1 2 -2]
1337 102000200100000000000000000000000000000000 [0 1 2 -1 1 -1 0]
1341 102100020000000000000000000000000000000000 [-2 -3 0 0 -3 1 0]
1342 122100000000000000000000000000000000000000 [0 3 2 -2 -1 0 0]
1343 102100000200000000000000000000000000000000 [-3 -4 -3 -2 -5 -3 -4]
1344 102100000020000000000000000000000000000000 [-5 -5 -4 -3 -5 -5 -4]
1345 102120000000000000000000000000000000000000 [-4 0 1 0 0 0 -4]
1346 102102000000000000000000000000000000000000 [-3 -3 0 -2 -3 0 -2]
1347 102100200000000000000000000000000000000000 [2 -3 -1 -1 -3 -2 -4]
1351 102010020000000000000000000000000000000000 [-3 -3 0 -3 2 0 -2]
1352 122010000000000000000000000000000000000000 [0 -1 2 -1 3 0 0]
1353 102010000200000000000000000000000000000000 [-4 -3 -3 -5 -3 -4 -4]
1354 102210000000000000000000000000000000000000 [-3 -2 0 0 0 -3 -4]
1355 102010000002000000000000000000000000000000 [-4 -3 -2 -4 -3 -4 -3]
1356 102012000000000000000000000000000000000000 [-2 -3 1 -3 -2 -3 -3]
1357 102010200000000000000000000000000000000000 [0 -3 1 -3 2 -3 -3]
1361 102001020000000000000000000000000000000000 [-3 -3 0 1 0 -2 -1]
1362 122001000000000000000000000000000000000000 [-3 -1 0 0 0 -1 -3]
1363 102001000200000000000000000000000000000000 [-5 -3 -2 -3 -4 -3 -5]
1364 102201000000000000000000000000000000000000 [-4 -5 -1 1 -3 0 -5]
1365 102021000000000000000000000000000000000000 [-4 -2 0 0 2 -2 -4]
1366 102001000000200000000000000000000000000000 [-3 -3 -2 -3 -3 -3 -2]
1367 102001200000000000000000000000000000000000 [-2 -3 -1 -2 -3 -2 -3]
1371 102000120000000000000000000000000000000000 [-4 -3 0 0 -2 -1 -4]
1372 122000100000000000000000000000000000000000 [-3 -1 0 0 0 -3 -3]
1373 102000100200000000000000000000000000000000 [-7 -4 -5 -4 -4 -5 -7]
1374 102200100000000000000000000000000000000000 [-1 -16 5 -1 -16 1 -16]
1375 102020100000000000000000000000000000000000 [-1 -16 4 -1 -16 4 -1]
1376 102002100000000000000000000000000000000000 [-3 -3 -2 -2 -3 -3 -3]
1377 102000100000020000000000000000000000000000 [-4 -3 0 2 -2 2 -5]
1411 100200010000002000000000000000000000000000 [-5 -4 -4 -2 -5 -4 -4]
1412 120200010000000000000000000000000000000000 [-3 -3 -2 -2 -3 -5 -3]
1413 102200010000000000000000000000000000000000 [-3 -5 -1 -1 -16 -16 1]
1414 100200010020000000000000000000000000000000 [-5 -6 -5 -6 -6 -6 -1]
1415 100220010000000000000000000000000000000000 [-6 -1 -16 5 -1 -16 1]
1416 100202010000000000000000000000000000000000 [-5 -1 -16 4 -1 -16 3]
1417 100200210000000000000000000000000000000000 [-3 -5 -4 -2 -4 -3 -5]
1421 110200020000000000000000000000000000000000 [-5 -1 -4 0 -4 -5 -3]
1422 110200002000000000000000000000000000000000 [-5 -5 -5 -3 -6 -5 -5]
1423 112200000000000000000000000000000000000000 [-5 -2 -3 -1 -2 -5 -5]
1424 110200000020000000000000000000000000000000 [-6 -6 -5 -5 -6 -5 -6]
1425 110220000000000000000000000000000000000000 [-1 -16 1 -16 4 -1 -16]
1426 110202000000000000000000000000000000000000 [-1 -16 1 -16 5 -1 -16]
1427 110200200000000000000000000000000000000000 [-5 0 -5 -2 -4 -5 -4]
1431 101200020000000000000000000000000000000000 [-5 -4 -1 0 -4 -4 -6]
1432 121200000000000000000000000000000000000000 [-2 -3 -1 -2 -3 -4 -3]
1433 101200000200000000000000000000000000000000 [-5 -5 -4 -5 -6 -5 -6]
1434 101200000020000000000000000000000000000000 [-5 -5 -5 -5 -6 -5 -6]
1435 101220000000000000000000000000000000000000 [-5 -4 0 -2 -2 -2 -4]
1436 101202000000000000000000000000000000000000 [-4 -5 -2 -2 -3 0 -3]
1437 101200200000000000000000000000000000000000 [-4 -5 -1 -2 -3 -3 -6]
1441 100200020010000000000000000000000000000000 [-2 0 0 3 -1 0 0]
1442 120200000010000000000000000000000000000000 [-2 4 -2 4 0 2 -2]
1443 102200000010000000000000000000000000000000 [-1 -16 1 -1 -16 1 -16]
1444 100200000010000002000000000000000000000000 [-4 -4 -5 -2 -4 -4 -4]
1445 100220000010000000000000000000000000000000 [-1 -16 1 -16 2 -1 -16]
1446 100202000010000000000000000000000000000000 [-1 -16 1 -16 2 -1 -16]
1447 100200200010000000000000000000000000000000 [-2 -2 -2 3 -1 0 -2]
1451 100210020000000000000000000000000000000000 [-6 -4 -4 -1 -2 -4 -5]
1452 120210000000000000000000000000000000000000 [-3 -1 -3 0 -2 -4 -3]
1453 102210000000000000000000000000000000000000 [-3 -2 0 0 0 -3 -4]
1454 100210000020000000000000000000000000000000 [-6 -6 -6 -6 -5 -6 -6]
1455 100210000002000000000000000000000000000000 [-6 -6 -6 -2 -6 -6 -6]
1456 100212000000000000000000000000000000000000 [-3 -3 -3 -2 -2 -2 -3]
1457 100210200000000000000000000000000000000000 [-4 -4 -3 -1 0 -5 -3]
1461 100201020000000000000000000000000000000000 [-5 -5 -4 0 -4 2 -5]
1462 120201000000000000000000000000000000000000 [-5 -3 -4 2 -4 -3 -5]
1463 102201000000000000000000000000000000000000 [-4 -5 -1 1 -3 0 -5]
1464 100201000020000000000000000000000000000000 [-6 -5 -5 -4 -6 -5 -6]
1465 100221000000000000000000000000000000000000 [-6 -5 -2 0 -3 -2 -5]
1466 100201000000200000000000000000000000000000 [-4 -5 -5 -2 -6 -5 -5]
1467 100201200000000000000000000000000000000000 [-3 -5 -3 0 -5 2 -3]
1471 100200120000000000000000000000000000000000 [-5 -3 -6 0 -5 -5 -4]
1472 120200100000000000000000000000000000000000 [-3 -1 -3 -2 -3 -5 -4]
1473 102200100000000000000000000000000000000000 [-1 -1 -16 -16 1 -1 -16]
1474 100200100020000000000000000000000000000000 [-1 -16 6 -6 -3 -6 -6]
1475 100220100000000000000000000000000000000000 [-16 -1 1 -16 -16 -1 -1]
1476 100202100000000000000000000000000000000000 [-4 -5 -3 -2 -3 -1 -3]
1477 100200100000020000000000000000000000000000 [-4 -5 -5 0 -6 -3 -5]
1511 100020010000002000000000000000000000000000 [-5 -4 -2 2 -2 -2 -2]
1512 120020010000000000000000000000000000000000 [-1 -3 -3 -1 -1 -3 -3]
1513 102020010000000000000000000000000000000000 [-4 -3 -1 -1 -16 -16 1]
1514 100220010000000000000000000000000000000000 [-6 -1 -1 -16 -16 1 -1]
1515 100020010002000000000000000000000000000000 [-4 -7 -5 -4 -5 -4 -7]
1516 100022010000000000000000000000000000000000 [0 -1 -16 2 0 -1 -16]
1517 100020210000000000000000000000000000000000 [2 -5 -3 2 0 -2 -5]
1521 110020020000000000000000000000000000000000 [-5 2 0 3 -3 2 2]
1522 110020002000000000000000000000000000000000 [-4 -4 -2 2 -3 -1 -2]
1523 112020000000000000000000000000000000000000 [-3 -2 -2 0 -2 -2 -4]
1524 110220000000000000000000000000000000000000 [-1 -1 -16 -16 1 -16 -16]
1525 110020000002000000000000000000000000000000 [-7 -7 -4 2 -4 -2 -5]
1526 110022000000000000000000000000000000000000 [-1 -16 1 -16 3 2 -1]
1527 110020200000000000000000000000000000000000 [-5 0 -2 4 -2 1 -4]
1531 101020020000000000000000000000000000000000 [-2 0 1 1 2 0 -2]
1532 121020000000000000000000000000000000000000 [-3 -3 -2 -2 -1 -3 -3]
1533 101020000200000000000000000000000000000000 [-4 -1 -2 0 0 -3 -3]
1534 101220000000000000000000000000000000000000 [-5 -4 0 -2 -2 -2 -4]
1535 101020000002000000000000000000000000000000 [-5 -4 -1 -2 0 -3 -4]
1536 101022000000000000000000000000000000000000 [-2 -3 2 2 0 1 0]
1537 101020200000000000000000000000000000000000 [-3 -2 2 2 -1 0 -2]
1541 100120020000000000000000000000000000000000 [2 3 1 2 4 0 2]
1542 120120000000000000000000000000000000000000 [-1 2 -2 -1 -2 -3 -2]
1543 102120000000000000000000000000000000000000 [-4 0 1 0 0 0 -4]
1544 100120000020000000000000000000000000000000 [-5 1 -2 2 -2 -5 -4]
1545 100120000002000000000000000000000000000000 [-4 2 -2 0 2 -5 -4]
1546 100122000000000000000000000000000000000000 [0 2 2 0 2 3 0]
1547 100120200000000000000000000000000000000000 [2 4 2 3 3 -2 2]
1551 100020020001000000000000000000000000000000 [-3 -3 2 4 3 -1 0]
1552 120020000001000000000000000000000000000000 [-1 -2 -1 -2 2 -2 -2]
1553 102020000001000000000000000000000000000000 [-1 -16 2 -1 -16 -16 1]
1554 100220000001000000000000000000000000000000 [-1 -16 1 -16 2 -1 -16]
1555 100020000001000000200000000000000000000000 [-4 -4 -2 -2 -3 -4 -3]
1556 100022000001000000000000000000000000000000 [-1 -16 1 -16 -16 -16 1]
1557 100020200001000000000000000000000000000000 [0 -2 -1 3 3 -2 -3]
1561 100021020000000000000000000000000000000000 [-3 2 0 0 -1 -2 -3]
1562 120021000000000000000000000000000000000000 [-3 -3 -3 -3 -2 -3 -3]
1563 102021000000000000000000000000000000000000 [-4 -2 0 0 2 -2 -4]
1564 100221000000000000000000000000000000000000 [-6 -5 -2 0 -3 -2 -5]
1565 100021000002000000000000000000000000000000 [-4 -2 -3 -5 -2 -3 -4]
1566 100021000000200000000000000000000000000000 [-3 -2 -2 -4 -2 -3 -4]
1567 100021200000000000000000000000000000000000 [-2 1 0 -2 -2 0 -2]
1571 100020120000000000000000000000000000000000 [-5 2 -2 2 0 -3 -4]
1572 120020100000000000000000000000000000000000 [-3 -3 -3 -2 -2 -3 -3]
1573 102020100000000000000000000000000000000000 [-1 -1 -16 -16 1 -1 -16]
1574 100220100000000000000000000000000000000000 [-16 -1 1 -16 -16 -1 -1]
1575 100020100002000000000000000000000000000000 [-7 -5 -4 -4 -5 -4 -7]
1576 100022100000000000000000000000000000000000 [-3 -3 0 0 0 -1 -3]
1577 100020100000020000000000000000000000000000 [-4 -1 -2 0 0 -3 -4]
1611 100002010000002000000000000000000000000000 [-3 -4 -2 1 -2 -3 -3]
1612 120002010000000000000000000000000000000000 [0 -3 -3 0 -3 -2 -2]
1613 102002010000000000000000000000000000000000 [-2 -3 0 -3 -2 0 -3]
1614 100202010000000000000000000000000000000000 [-5 -1 -1 -16 -16 1 -1]
1615 100022010000000000000000000000000000000000 [0 -1 -1 -16 -16 -16 1]
1616 100002010000200000000000000000000000000000 [-3 -5 -3 -3 -4 -3 -4]
1617 100002210000000000000000000000000000000000 [0 -3 -3 2 -2 -3 -3]
1621 110002020000000000000000000000000000000000 [-4 2 0 3 1 -2 -2]
1622 110002002000000000000000000000000000000000 [-5 -4 -2 -2 -2 -4 -3]
1623 112002000000000000000000000000000000000000 [-3 -3 -2 -3 -3 -3 -3]
1624 110202000000000000000000000000000000000000 [-1 -1 -16 -16 1 -16 -16]
1625 110022000000000000000000000000000000000000 [-1 -1 -16 -16 1 -16 -16]
1626 110002000000200000000000000000000000000000 [-5 -5 -2 -2 -2 -3 -4]
1627 110002200000000000000000000000000000000000 [-3 2 -2 3 2 -2 -3]
1631 101002020000000000000000000000000000000000 [-2 0 0 2 0 2 -2]
1632 121002000000000000000000000000000000000000 [-3 -3 -2 -3 -3 -3 -3]
1633 101002000200000000000000000000000000000000 [-4 -2 -2 -2 -4 -3 -4]
1634 101202000000000000000000000000000000000000 [-4 -5 -2 -2 -3 0 -3]
1635 101022000000000000000000000000000000000000 [-2 -3 2 2 0 1 0]
1636 101002000000200000000000000000000000000000 [-3 -2 -2 -1 -3 -2 -3]
1637 101002200000000000000000000000000000000000 [-3 -2 -1 3 -1 1 -3]
1641 100102020000000000000000000000000000000000 [1 3 2 4 -2 3 0]
1642 120102000000000000000000000000000000000000 [0 2 -3 4 -3 2 -2]
1643 102102000000000000000000000000000000000000 [-3 -3 0 -2 -3 0 -2]
1644 100102000020000000000000000000000000000000 [-3 -3 -3 -2 -5 -3 -4]
1645 100122000000000000000000000000000000000000 [0 2 2 0 2 3 0]
1646 100102000000200000000000000000000000000000 [-3 -2 -1 2 -4 -3 -2]
1647 100102200000000000000000000000000000000000 [2 3 3 3 -2 3 2]
1651 100012020000000000000000000000000000000000 [-2 1 0 -2 -2 1 -3]
1652 120012000000000000000000000000000000000000 [-3 -2 -3 -3 -2 -2 -3]
1653 102012000000000000000000000000000000000000 [-2 -3 1 -3 -2 -3 -3]
1654 100212000000000000000000000000000000000000 [-3 -3 -3 -2 -2 -2 -3]
1655 100012000002000000000000000000000000000000 [-3 -3 -3 -4 -2 -3 -4]
1656 100012000000200000000000000000000000000000 [-4 -2 -3 -4 -3 -3 -3]
1657 100012200000000000000000000000000000000000 [-2 2 -1 -2 -1 1 -2]
1661 100002020000100000000000000000000000000000 [-2 -2 2 3 1 2 -2]
1662 120002000000100000000000000000000000000000 [-2 2 -3 2 -2 0 -2]
1663 102002000000100000000000000000000000000000 [0 -3 2 0 -3 0 -3]
1664 100202000000100000000000000000000000000000 [-1 -16 1 -16 -16 1 -16]
1665 100022000000100000000000000000000000000000 [-1 -16 1 -16 -16 -16 1]
1666 100002000000100000020000000000000000000000 [-4 -4 -1 -2 -2 -3 -3]
1667 100002200000100000000000000000000000000000 [-3 -2 1 3 1 2 -2]
1671 100002120000000000000000000000000000000000 [-2 -2 -2 0 -3 -2 -2]
1672 120002100000000000000000000000000000000000 [-2 -2 -3 -2 -3 -2 -2]
1673 102002100000000000000000000000000000000000 [-3 -3 -2 -2 -3 -3 -3]
1674 100202100000000000000000000000000000000000 [-4 -5 -3 -2 -3 -1 -3]
1675 100022100000000000000000000000000000000000 [-3 -3 0 0 0 -1 -3]
1676 100002100000200000000000000000000000000000 [-4 -4 -3 -2 -3 -3 -4]
1677 100002100000020000000000000000000000000000 [-3 -3 -2 -2 -3 -1 -3]
1711 100000210000002000000000000000000000000000 [-2 -2 -2 2 0 0 -2]
1712 120000210000000000000000000000000000000000 [0 -1 0 0 -2 -2 -2]
1713 102000210000000000000000000000000000000000 [0 0 0 2 0 -2 -3]
1714 100200210000000000000000000000000000000000 [-3 -5 -4 -2 -4 -3 -5]
1715 100020210000000000000000000000000000000000 [2 -5 -3 2 0 -2 -5]
1716 100002210000000000000000000000000000000000 [0 -3 -3 2 -2 -3 -3]
1717 100000210000020000000000000000000000000000 [2 0 -2 2 -2 0 -2]
1721 110000220000000000000000000000000000000000 [-2 3 0 3 0 -2 0]
1722 110000202000000000000000000000000000000000 [-2 -1 -3 -1 -2 -2 -3]
1723 112000200000000000000000000000000000000000 [0 -3 1 -3 -3 -3 -3]
1724 110200200000000000000000000000000000000000 [-5 0 -5 -2 -4 -5 -4]
1725 110020200000000000000000000000000000000000 [-5 0 -2 4 -2 1 -4]
1726 110002200000000000000000000000000000000000 [-3 2 -2 3 2 -2 -3]
1727 110000200000020000000000000000000000000000 [0 3 -1 3 0 -2 -2]
1731 101000220000000000000000000000000000000000 [-2 0 3 4 0 2 -1]
1732 121000200000000000000000000000000000000000 [0 -1 0 0 -1 0 -2]
1733 101000200200000000000000000000000000000000 [-4 -2 0 0 -2 -2 -3]
1734 101200200000000000000000000000000000000000 [-4 -5 -1 -2 -3 -3 -6]
1735 101020200000000000000000000000000000000000 [-3 -2 2 2 -1 0 -2]
1736 101002200000000000000000000000000000000000 [-3 -2 -1 3 -1 1 -3]
1737 101000200000020000000000000000000000000000 [-2 -1 3 4 0 1 -2]
1741 100100220000000000000000000000000000000000 [2 3 4 4 2 1 0]
1742 120100200000000000000000000000000000000000 [0 3 0 2 0 -2 -1]
1743 102100200000000000000000000000000000000000 [2 -3 -1 -1 -3 -2 -4]
1744 100100200020000000000000000000000000000000 [-2 -3 0 2 -3 -2 -4]
1745 100120200000000000000000000000000000000000 [2 4 2 3 3 -2 2]
1746 100102200000000000000000000000000000000000 [2 3 3 3 -2 3 2]
1747 100100200000020000000000000000000000000000 [2 3 4 0 2 0 1]
1751 100010220000000000000000000000000000000000 [-2 0 0 2 2 -1 -2]
1752 120010200000000000000000000000000000000000 [-2 -1 -1 0 0 0 -2]
1753 102010200000000000000000000000000000000000 [0 -3 1 -3 2 -3 -3]
1754 100210200000000000000000000000000000000000 [-4 -4 -3 -1 0 -5 -3]
1755 100010200002000000000000000000000000000000 [-2 -2 -2 -2 -2 -3 -3]
1756 100012200000000000000000000000000000000000 [-2 2 -1 -2 -1 1 -2]
1757 100010200000020000000000000000000000000000 [-2 0 0 2 2 0 -2]
1761 100001220000000000000000000000000000000000 [0 -2 2 1 -1 2 0]
1762 120001200000000000000000000000000000000000 [-2 -2 0 -2 0 0 -2]
1763 102001200000000000000000000000000000000000 [-2 -3 -1 -2 -3 -2 -3]
1764 100201200000000000000000000000000000000000 [-3 -5 -3 0 -5 2 -3]
1765 100021200000000000000000000000000000000000 [-2 1 0 -2 -2 0 -2]
1766 100001200000200000000000000000000000000000 [-2 -2 0 -1 -3 -1 -1]
1767 100001200000020000000000000000000000000000 [0 -2 1 0 0 1 -1]
1771 100000220000010000000000000000000000000000 [-2 0 -1 0 -2 0 -2]
1772 120000200000010000000000000000000000000000 [-2 -1 -2 -1 -2 -2 -3]
1773 102000200000010000000000000000000000000000 [-3 -3 0 -4 -3 -3 -3]
1774 100200200000010000000000000000000000000000 [-5 -4 -6 -2 -3 -3 -4]
1775 100020200000010000000000000000000000000000 [-5 -4 -2 2 -3 -2 -4]
1776 100002200000010000000000000000000000000000 [-3 -3 -3 2 -2 -2 -2]
1777 100000200000010000002000000000000000000000 [-2 -1 -2 2 -2 0 -2]
2111 210000010000002000000000000000000000000000 [0 -2 0 0 0 -2 0]
2112 210000012000000000000000000000000000000000 [-2 -1 -1 -1 0 -2 -1]
2113 212000010000000000000000000000000000000000 [0 0 -2 0 0 -1 -2]
2114 210200010000000000000000000000000000000000 [-4 1 -4 1 -1 -4 -3]
2115 210020010000000000000000000000000000000000 [-3 -3 -3 -3 0 -3 -3]
2116 210002010000000000000000000000000000000000 [-3 1 -1 -1 2 0 -2]
2117 210000210000000000000000000000000000000000 [0 1 0 2 2 -2 -2]
2121 210000021000000000000000000000000000000000 [1 3 0 3 2 1 1]
2122 210000001000000200000000000000000000000000 [-3 1 -2 -2 2 -2 -2]
2123 212000001000000000000000000000000000000000 [0 3 3 2 2 0 0]
2124 210200001000000000000000000000000000000000 [1 2 2 2 2 -3 2]
2125 210020001000000000000000000000000000000000 [-3 3 0 3 0 -2 -2]
2126 210002001000000000000000000000000000000000 [1 3 2 3 3 2 0]
2127 210000201000000000000000000000000000000000 [1 3 2 4 3 0 1]
2131 211000020000000000000000000000000000000000 [0 0 0 0 0 0 0]
2132 211000002000000000000000000000000000000000 [-1 -2 -2 -1 0 -2 -3]
2133 211000000200000000000000000000000000000000 [-3 -3 0 0 0 -2 -3]
2134 211200000000000000000000000000000000000000 [-4 2 -2 0 -3 -4 -5]
2135 211020000000000000000000000000000000000000 [-3 0 -2 -2 -1 -3 -3]
2136 211002000000000000000000000000000000000000 [-1 2 0 2 2 0 0]
2137 211000200000000000000000000000000000000000 [0 2 0 2 2 0 0]
2141 210100020000000000000000000000000000000000 [1 3 0 4 4 0 0]
2142 210100002000000000000000000000000000000000 [-1 -2 -1 3 2 0 -1]
2143 212100000000000000000000000000000000000000 [0 2 0 2 -2 -2 -2]
2144 210100000020000000000000000000000000000000 [-5 -3 -2 -2 -2 -3 -2]
2145 210120000000000000000000000000000000000000 [-3 3 -2 0 0 -3 -2]
2146 210102000000000000000000000000000000000000 [-1 3 2 4 1 3 -2]
2147 210100200000000000000000000000000000000000 [2 4 2 2 3 -3 0]
2151 210010020000000000000000000000000000000000 [0 2 0 4 3 0 1]
2152 210010002000000000000000000000000000000000 [0 0 0 2 0 0 0]
2153 212010000000000000000000000000000000000000 [0 2 3 -2 3 1 0]
2154 210210000000000000000000000000000000000000 [-1 2 -3 0 0 -4 -3]
2155 210010000002000000000000000000000000000000 [0 2 -2 2 2 0 -2]
2156 210012000000000000000000000000000000000000 [2 3 2 1 1 3 0]
2157 210010200000000000000000000000000000000000 [2 3 2 3 4 0 0]
2161 210001020000000000000000000000000000000000 [-2 1 0 0 0 2 -2]
2162 210001002000000000000000000000000000000000 [-2 -1 -2 0 0 -2 -2]
2163 212001000000000000000000000000000000000000 [-1 0 0 -2 1 0 1]
2164 210201000000000000000000000000000000000000 [-4 -3 -4 2 -4 2 -5]
2165 210021000000000000000000000000000000000000 [-3 -2 -3 -3 -2 -2 -3]
2166 210001000000200000000000000000000000000000 [-2 -2 -1 0 0 -2 -2]
2167 210001200000000000000000000000000000000000 [-2 0 0 -3 0 0 -2] 
