111 100000020000001000000000000000000000000000 []
112 110000020000000000000000000000000000000000 []
113 101000020000000000000000000000000000000000 []
114 100100020000000000000000000000000000000000 []
115 100010020000000000000000000000000000000000 []
116 100001020000000000000000000000000000000000 []
117 100000120000000000000000000000000000000000 []
121 120000010000000000000000000000000000000000 []
122 120000001000000000000000000000000000000000 []
123 121000000000000000000000000000000000000000 []
124 120100000000000000000000000000000000000000 []
125 120010000000000000000000000000000000000000 []
126 120001000000000000000000000000000000000000 []
127 120000100000000000000000000000000000000000 []
131 102000010000000000000000000000000000000000 []
132 112000000000000000000000000000000000000000 []
133 102000000100000000000000000000000000000000 []
134 102100000000000000000000000000000000000000 []
135 102010000000000000000000000000000000000000 []
136 102001000000000000000000000000000000000000 []
137 102000100000000000000000000000000000000000 []
141 100200010000000000000000000000000000000000 []
142 110200000000000000000000000000000000000000 []
143 101200000000000000000000000000000000000000 []
144 100200000010000000000000000000000000000000 []
145 100210000000000000000000000000000000000000 []
146 100201000000000000000000000000000000000000 []
147 100200100000000000000000000000000000000000 []
151 100020010000000000000000000000000000000000 []
152 110020000000000000000000000000000000000000 []
153 101020000000000000000000000000000000000000 []
154 100120000000000000000000000000000000000000 []
155 100020000001000000000000000000000000000000 []
156 100021000000000000000000000000000000000000 []
157 100020100000000000000000000000000000000000 []
161 100002010000000000000000000000000000000000 []
162 110002000000000000000000000000000000000000 []
163 101002000000000000000000000000000000000000 []
164 100102000000000000000000000000000000000000 []
165 100012000000000000000000000000000000000000 []
166 100002000000100000000000000000000000000000 []
167 100002100000000000000000000000000000000000 []
171 100000210000000000000000000000000000000000 []
172 110000200000000000000000000000000000000000 []
173 101000200000000000000000000000000000000000 []
174 100100200000000000000000000000000000000000 []
175 100010200000000000000000000000000000000000 []
176 100001200000000000000000000000000000000000 []
177 100000200000010000000000000000000000000000 []
211 210000010000000000000000000000000000000000 []
212 210000001000000000000000000000000000000000 []
213 211000000000000000000000000000000000000000 []
214 210100000000000000000000000000000000000000 []
215 210010000000000000000000000000000000000000 []
216 210001000000000000000000000000000000000000 []
217 210000100000000000000000000000000000000000 []
221 110000002000000000000000000000000000000000 []
222 010000002000000100000000000000000000000000 []
223 011000002000000000000000000000000000000000 []
224 010100002000000000000000000000000000000000 []
225 010010002000000000000000000000000000000000 []
226 010001002000000000000000000000000000000000 []
227 010000102000000000000000000000000000000000 []
231 112000000000000000000000000000000000000000 []
232 012000001000000000000000000000000000000000 []
233 012000000100000000000000000000000000000000 []
234 012100000000000000000000000000000000000000 []
235 012010000000000000000000000000000000000000 []
236 012001000000000000000000000000000000000000 []
237 012000100000000000000000000000000000000000 []
241 110200000000000000000000000000000000000000 []
242 010200001000000000000000000000000000000000 []
243 011200000000000000000000000000000000000000 []
244 010200000010000000000000000000000000000000 []
245 010210000000000000000000000000000000000000 []
246 010201000000000000000000000000000000000000 []
247 010200100000000000000000000000000000000000 []
251 110020000000000000000000000000000000000000 []
252 010020001000000000000000000000000000000000 []
253 011020000000000000000000000000000000000000 []
254 010120000000000000000000000000000000000000 []
255 010020000001000000000000000000000000000000 []
256 010021000000000000000000000000000000000000 []
257 010020100000000000000000000000000000000000 []
261 110002000000000000000000000000000000000000 []
262 010002001000000000000000000000000000000000 []
263 011002000000000000000000000000000000000000 []
264 010102000000000000000000000000000000000000 []
265 010012000000000000000000000000000000000000 []
266 010002000000100000000000000000000000000000 []
267 010002100000000000000000000000000000000000 []
271 110000200000000000000000000000000000000000 []
272 010000201000000000000000000000000000000000 []
273 011000200000000000000000000000000000000000 []
274 010100200000000000000000000000000000000000 []
275 010010200000000000000000000000000000000000 []
276 010001200000000000000000000000000000000000 []
277 010000200000010000000000000000000000000000 []
311 201000010000000000000000000000000000000000 []
312 211000000000000000000000000000000000000000 []
313 201000000100000000000000000000000000000000 []
314 201100000000000000000000000000000000000000 []
315 201010000000000000000000000000000000000000 []
316 201001000000000000000000000000000000000000 []
317 201000100000000000000000000000000000000000 []
321 121000000000000000000000000000000000000000 []
322 021000001000000000000000000000000000000000 []
323 021000000100000000000000000000000000000000 []
324 021100000000000000000000000000000000000000 []
325 021010000000000000000000000000000000000000 []
326 021001000000000000000000000000000000000000 []
327 021000100000000000000000000000000000000000 []
331 101000000200000000000000000000000000000000 []
332 011000000200000000000000000000000000000000 []
333 001000000200000010000000000000000000000000 []
334 001100000200000000000000000000000000000000 []
335 001010000200000000000000000000000000000000 []
336 001001000200000000000000000000000000000000 []
337 001000100200000000000000000000000000000000 []
341 101200000000000000000000000000000000000000 []
342 011200000000000000000000000000000000000000 []
343 001200000100000000000000000000000000000000 []
344 001200000010000000000000000000000000000000 []
345 001210000000000000000000000000000000000000 []
346 001201000000000000000000000000000000000000 []
347 001200100000000000000000000000000000000000 []
351 101020000000000000000000000000000000000000 []
352 011020000000000000000000000000000000000000 []
353 001020000100000000000000000000000000000000 []
354 001120000000000000000000000000000000000000 []
355 001020000001000000000000000000000000000000 []
356 001021000000000000000000000000000000000000 []
357 001020100000000000000000000000000000000000 []
361 101002000000000000000000000000000000000000 []
362 011002000000000000000000000000000000000000 []
363 001002000100000000000000000000000000000000 []
364 001102000000000000000000000000000000000000 []
365 001012000000000000000000000000000000000000 []
366 001002000000100000000000000000000000000000 []
367 001002100000000000000000000000000000000000 []
371 101000200000000000000000000000000000000000 []
372 011000200000000000000000000000000000000000 []
373 001000200100000000000000000000000000000000 []
374 001100200000000000000000000000000000000000 []
375 001010200000000000000000000000000000000000 []
376 001001200000000000000000000000000000000000 []
377 001000200000010000000000000000000000000000 []
411 200100010000000000000000000000000000000000 []
412 210100000000000000000000000000000000000000 []
413 201100000000000000000000000000000000000000 []
414 200100000010000000000000000000000000000000 []
415 200110000000000000000000000000000000000000 []
416 200101000000000000000000000000000000000000 []
417 200100100000000000000000000000000000000000 []
421 120100000000000000000000000000000000000000 []
422 020100001000000000000000000000000000000000 []
423 021100000000000000000000000000000000000000 []
424 020100000010000000000000000000000000000000 []
425 020110000000000000000000000000000000000000 []
426 020101000000000000000000000000000000000000 []
427 020100100000000000000000000000000000000000 []
431 102100000000000000000000000000000000000000 []
432 012100000000000000000000000000000000000000 []
433 002100000100000000000000000000000000000000 []
434 002100000010000000000000000000000000000000 []
435 002110000000000000000000000000000000000000 []
436 002101000000000000000000000000000000000000 []
437 002100100000000000000000000000000000000000 []
441 100100000020000000000000000000000000000000 []
442 010100000020000000000000000000000000000000 []
443 001100000020000000000000000000000000000000 []
444 000100000020000001000000000000000000000000 []
445 000110000020000000000000000000000000000000 []
446 000101000020000000000000000000000000000000 []
447 000100100020000000000000000000000000000000 []
451 100120000000000000000000000000000000000000 []
452 010120000000000000000000000000000000000000 []
453 001120000000000000000000000000000000000000 []
454 000120000010000000000000000000000000000000 []
455 000120000001000000000000000000000000000000 []
456 000121000000000000000000000000000000000000 []
457 000120100000000000000000000000000000000000 []
461 100102000000000000000000000000000000000000 []
462 010102000000000000000000000000000000000000 []
463 001102000000000000000000000000000000000000 []
464 000102000010000000000000000000000000000000 []
465 000112000000000000000000000000000000000000 []
466 000102000000100000000000000000000000000000 []
467 000102100000000000000000000000000000000000 []
471 100100200000000000000000000000000000000000 []
472 010100200000000000000000000000000000000000 []
473 001100200000000000000000000000000000000000 []
474 000100200010000000000000000000000000000000 []
475 000110200000000000000000000000000000000000 []
476 000101200000000000000000000000000000000000 []
477 000100200000010000000000000000000000000000 []
511 200010010000000000000000000000000000000000 []
512 210010000000000000000000000000000000000000 []
513 201010000000000000000000000000000000000000 []
514 200110000000000000000000000000000000000000 []
515 200010000001000000000000000000000000000000 []
516 200011000000000000000000000000000000000000 []
517 200010100000000000000000000000000000000000 []
521 120010000000000000000000000000000000000000 []
522 020010001000000000000000000000000000000000 []
523 021010000000000000000000000000000000000000 []
524 020110000000000000000000000000000000000000 []
525 020010000001000000000000000000000000000000 []
526 020011000000000000000000000000000000000000 []
527 020010100000000000000000000000000000000000 []
531 102010000000000000000000000000000000000000 []
532 012010000000000000000000000000000000000000 []
533 002010000100000000000000000000000000000000 []
534 002110000000000000000000000000000000000000 []
535 002010000001000000000000000000000000000000 []
536 002011000000000000000000000000000000000000 []
537 002010100000000000000000000000000000000000 []
541 100210000000000000000000000000000000000000 []
542 010210000000000000000000000000000000000000 []
543 001210000000000000000000000000000000000000 []
544 000210000010000000000000000000000000000000 []
545 000210000001000000000000000000000000000000 []
546 000211000000000000000000000000000000000000 []
547 000210100000000000000000000000000000000000 []
551 100010000002000000000000000000000000000000 []
552 010010000002000000000000000000000000000000 []
553 001010000002000000000000000000000000000000 []
554 000110000002000000000000000000000000000000 []
555 000010000002000000100000000000000000000000 []
556 000011000002000000000000000000000000000000 []
557 000010100002000000000000000000000000000000 []
561 100012000000000000000000000000000000000000 []
562 010012000000000000000000000000000000000000 []
563 001012000000000000000000000000000000000000 []
564 000112000000000000000000000000000000000000 []
565 000012000001000000000000000000000000000000 []
566 000012000000100000000000000000000000000000 []
567 000012100000000000000000000000000000000000 []
571 100010200000000000000000000000000000000000 []
572 010010200000000000000000000000000000000000 []
573 001010200000000000000000000000000000000000 []
574 000110200000000000000000000000000000000000 []
575 000010200001000000000000000000000000000000 []
576 000011200000000000000000000000000000000000 []
577 000010200000010000000000000000000000000000 []
611 200001010000000000000000000000000000000000 []
612 210001000000000000000000000000000000000000 []
613 201001000000000000000000000000000000000000 []
614 200101000000000000000000000000000000000000 []
615 200011000000000000000000000000000000000000 []
616 200001000000100000000000000000000000000000 []
617 200001100000000000000000000000000000000000 []
621 120001000000000000000000000000000000000000 []
622 020001001000000000000000000000000000000000 []
623 021001000000000000000000000000000000000000 []
624 020101000000000000000000000000000000000000 []
625 020011000000000000000000000000000000000000 []
626 020001000000100000000000000000000000000000 []
627 020001100000000000000000000000000000000000 []
631 102001000000000000000000000000000000000000 []
632 012001000000000000000000000000000000000000 []
633 002001000100000000000000000000000000000000 []
634 002101000000000000000000000000000000000000 []
635 002011000000000000000000000000000000000000 []
636 002001000000100000000000000000000000000000 []
637 002001100000000000000000000000000000000000 []
641 100201000000000000000000000000000000000000 []
642 010201000000000000000000000000000000000000 []
643 001201000000000000000000000000000000000000 []
644 000201000010000000000000000000000000000000 []
645 000211000000000000000000000000000000000000 []
646 000201000000100000000000000000000000000000 []
647 000201100000000000000000000000000000000000 []
651 100021000000000000000000000000000000000000 []
652 010021000000000000000000000000000000000000 []
653 001021000000000000000000000000000000000000 []
654 000121000000000000000000000000000000000000 []
655 000021000001000000000000000000000000000000 []
656 000021000000100000000000000000000000000000 []
657 000021100000000000000000000000000000000000 []
661 100001000000200000000000000000000000000000 []
662 010001000000200000000000000000000000000000 []
663 001001000000200000000000000000000000000000 []
664 000101000000200000000000000000000000000000 []
665 000011000000200000000000000000000000000000 []
666 000001000000200000010000000000000000000000 []
667 000001100000200000000000000000000000000000 []
671 100001200000000000000000000000000000000000 []
672 010001200000000000000000000000000000000000 []
673 001001200000000000000000000000000000000000 []
674 000101200000000000000000000000000000000000 []
675 000011200000000000000000000000000000000000 []
676 000001200000100000000000000000000000000000 []
677 000001200000010000000000000000000000000000 []
711 200000110000000000000000000000000000000000 []
712 210000100000000000000000000000000000000000 []
713 201000100000000000000000000000000000000000 []
714 200100100000000000000000000000000000000000 []
715 200010100000000000000000000000000000000000 []
716 200001100000000000000000000000000000000000 []
717 200000100000010000000000000000000000000000 []
721 120000100000000000000000000000000000000000 []
722 020000101000000000000000000000000000000000 []
723 021000100000000000000000000000000000000000 []
724 020100100000000000000000000000000000000000 []
725 020010100000000000000000000000000000000000 []
726 020001100000000000000000000000000000000000 []
727 020000100000010000000000000000000000000000 []
731 102000100000000000000000000000000000000000 []
732 012000100000000000000000000000000000000000 []
733 002000100100000000000000000000000000000000 []
734 002100100000000000000000000000000000000000 []
735 002010100000000000000000000000000000000000 []
736 002001100000000000000000000000000000000000 []
737 002000100000010000000000000000000000000000 []
741 100200100000000000000000000000000000000000 []
742 010200100000000000000000000000000000000000 []
743 001200100000000000000000000000000000000000 []
744 000200100010000000000000000000000000000000 []
745 000210100000000000000000000000000000000000 []
746 000201100000000000000000000000000000000000 []
747 000200100000010000000000000000000000000000 []
751 100020100000000000000000000000000000000000 []
752 010020100000000000000000000000000000000000 []
753 001020100000000000000000000000000000000000 []
754 000120100000000000000000000000000000000000 []
755 000020100001000000000000000000000000000000 []
756 000021100000000000000000000000000000000000 []
757 000020100000010000000000000000000000000000 []
761 100002100000000000000000000000000000000000 []
762 010002100000000000000000000000000000000000 []
763 001002100000000000000000000000000000000000 []
764 000102100000000000000000000000000000000000 []
765 000012100000000000000000000000000000000000 []
766 000002100000100000000000000000000000000000 []
767 000002100000010000000000000000000000000000 []
771 100000100000020000000000000000000000000000 []
772 010000100000020000000000000000000000000000 []
773 001000100000020000000000000000000000000000 []
774 000100100000020000000000000000000000000000 []
775 000010100000020000000000000000000000000000 []
776 000001100000020000000000000000000000000000 []
777 000000100000020000001000000000000000000000 []
