11111 100000020000001000000200000010000000000000 [-1 2 2 2 2 1 0]
11112 110000020000001000000200000000000000000000 [-3 0 1 2 -3 -2 -3]
11113 101000020000001000000200000000000000000000 [-3 0 0 0 -2 -2 -4]
11114 100100020000001000000200000000000000000000 [-4 -3 -1 -1 -3 -2 -4]
11115 100010020000001000000200000000000000000000 [-2 -2 -2 2 0 0 -2]
11116 100001020000001000000200000000000000000000 [-4 -2 -1 0 -1 -1 -2]
11117 100000120000001000000200000000000000000000 [-3 -1 0 2 -2 2 -1]
11121 120000020000001000000100000000000000000000 [1 3 0 2 3 0 0]
11122 120000021000001000000000000000000000000000 [-3 1 -3 -2 -2 -2 -2]
11123 121000020000001000000000000000000000000000 [0 0 3 0 -1 2 -2]
11124 120100020000001000000000000000000000000000 [-3 0 -3 1 -2 -4 -3]
11125 120010020000001000000000000000000000000000 [-2 2 -2 2 2 2 1]
11126 120001020000001000000000000000000000000000 [-2 2 -2 0 3 0 -1]
11127 120000120000001000000000000000000000000000 [-1 3 0 2 2 1 1]
11131 102000020000001000000100000000000000000000 [2 0 3 3 2 0 0]
11132 112000020000001000000000000000000000000000 [1 0 3 0 -2 0 0]
11133 102000020100001000000000000000000000000000 [-3 -3 1 1 -3 -2 -4]
11134 102100020000001000000000000000000000000000 [-1 -3 2 2 -3 -1 -4]
11135 102010020000001000000000000000000000000000 [-2 -2 3 -1 0 -2 -2]
11136 102001020000001000000000000000000000000000 [-1 -2 3 0 -2 1 0]
11137 102000120000001000000000000000000000000000 [0 0 3 4 4 2 -1]
11141 100200020000001000000100000000000000000000 [2 2 3 6 5 4 2]
11142 110200020000001000000000000000000000000000 [2 2 0 5 5 4 2]
11143 101200020000001000000000000000000000000000 [0 0 2 5 2 2 2]
11144 100200020010001000000000000000000000000000 [-3 -4 0 2 0 2 -2]
11145 100210020000001000000000000000000000000000 [2 2 -1 6 4 0 2]
11146 100201020000001000000000000000000000000000 [0 0 0 5 0 2 0]
11147 100200120000001000000000000000000000000000 [2 2 4 5 5 2 0]
11151 100020020000001000000100000000000000000000 [-2 3 2 5 -2 -3 -3]
11152 110020020000001000000000000000000000000000 [-3 -2 -2 5 -2 -3 -4]
11153 101020020000001000000000000000000000000000 [-2 -1 1 2 -2 -3 -3]
11154 100120020000001000000000000000000000000000 [-3 -2 -3 -3 -2 -4 -4]
11155 100020020001001000000000000000000000000000 [-3 1 -2 3 0 -4 -4]
11156 100021020000001000000000000000000000000000 [-1 3 -2 0 0 0 -1]
11157 100020120000001000000000000000000000000000 [-2 2 4 5 0 -2 -2]
11161 100002020000001000000100000000000000000000 [-3 0 0 4 -3 0 -3]
11162 110002020000001000000000000000000000000000 [-2 -1 0 4 -3 0 -4]
11163 101002020000001000000000000000000000000000 [-2 2 2 2 -3 -2 -3]
11164 100102020000001000000000000000000000000000 [-2 -4 -1 -1 -4 -4 -4]
11165 100012020000001000000000000000000000000000 [0 2 -2 0 2 2 0]
11166 100002020000101000000000000000000000000000 [-2 -2 0 2 -3 -1 -4]
11167 100002120000001000000000000000000000000000 [2 1 2 2 -2 0 -1]
11171 100000220000001000000100000000000000000000 [-3 0 0 2 -3 -3 -4]
11172 110000220000001000000000000000000000000000 [-3 0 0 2 -4 -4 -4]
11173 101000220000001000000000000000000000000000 [-4 -2 0 2 -3 -3 -5]
11174 100100220000001000000000000000000000000000 [-4 -3 -4 -2 -4 -4 -5]
11175 100010220000001000000000000000000000000000 [-2 1 -2 2 0 0 -2]
11176 100001220000001000000000000000000000000000 [-2 -1 0 0 -1 0 -3]
11177 100000220000011000000000000000000000000000 [0 1 0 2 -2 -1 -2]
11211 110000020000002000000100000000000000000000 [-5 0 -3 0 -4 -4 -4]
11212 110000021000002000000000000000000000000000 [-2 -3 -2 -2 -4 -5 -4]
11213 111000020000002000000000000000000000000000 [-18 -18 -18 1 -18 -18 -18]
11214 110100020000002000000000000000000000000000 [-18 -18 -3 -18 -18 -18 -18]
11215 110010020000002000000000000000000000000000 [1 -1 -2 1 0 -3 -3]
11216 110001020000002000000000000000000000000000 [1 -2 0 1 -3 0 -2]
11217 110000120000002000000000000000000000000000 [1 -3 1 1 -3 -2 -3]
11221 110000022000001000000000000000000000000000 [0 2 0 2 -2 -1 0]
11222 110000022000000100000000000000000000000000 [-3 0 0 0 -3 -2 -3]
11223 111000022000000000000000000000000000000000 [-18 -18 -18 2 -18 -18 -18]
11224 110100022000000000000000000000000000000000 [-18 -18 0 -18 -18 -18 -18]
11225 110010022000000000000000000000000000000000 [-1 -1 -1 2 0 -1 -2]
11226 110001022000000000000000000000000000000000 [-2 -1 0 0 -2 0 0]
11227 110000122000000000000000000000000000000000 [-3 -1 1 2 -2 0 -2]
11231 112000020000001000000000000000000000000000 [1 0 3 0 -2 0 0]
11232 112000021000000000000000000000000000000000 [-2 1 -8 -2 -4 -3 -3]
11233 112000020100000000000000000000000000000000 [-3 -3 0 -3 -4 -4 -4]
11234 112100020000000000000000000000000000000000 [-3 0 0 3 -3 -3 -3]
11235 112010020000000000000000000000000000000000 [-2 -1 3 -2 1 -2 -3]
11236 112001020000000000000000000000000000000000 [0 0 3 -2 -2 1 2]
11237 112000120000000000000000000000000000000000 [1 1 3 0 -2 2 0]
11241 110200020000001000000000000000000000000000 [2 2 0 5 5 4 2]
11242 110200021000000000000000000000000000000000 [-2 1 -2 -2 -2 -2 -3]
11243 111200020000000000000000000000000000000000 [1 2 2 4 0 0 0]
11244 110200020010000000000000000000000000000000 [0 -3 -3 0 -3 -2 -3]
11245 110210020000000000000000000000000000000000 [1 2 -2 4 2 -2 0]
11246 110201020000000000000000000000000000000000 [1 0 -2 5 -3 0 -1]
11247 110200120000000000000000000000000000000000 [1 2 0 3 -2 -2 0]
11251 110020020000001000000000000000000000000000 [-3 -2 -2 5 -2 -3 -4]
11252 110020021000000000000000000000000000000000 [-4 -4 -4 -2 -3 -4 -4]
11253 111020020000000000000000000000000000000000 [-18 -18 -18 0 -18 -18 -18]
11254 110120020000000000000000000000000000000000 [-18 -18 -3 -18 -18 -18 -18]
11255 110020020001000000000000000000000000000000 [-4 -4 -4 3 -6 -4 -6]
11256 110021020000000000000000000000000000000000 [-3 -2 -2 -3 -2 -2 -4]
11257 110020120000000000000000000000000000000000 [-3 -2 -2 -2 -2 -3 -4]
11261 110002020000001000000000000000000000000000 [-2 -1 0 4 -3 0 -4]
11262 110002021000000000000000000000000000000000 [-5 -3 -3 -2 -4 -4 -4]
11263 111002020000000000000000000000000000000000 [-18 -18 -18 0 -18 -18 -18]
11264 110102020000000000000000000000000000000000 [-18 -18 -3 -18 -18 -18 -18]
11265 110012020000000000000000000000000000000000 [-3 -1 -2 -2 -2 -2 -4]
11266 110002020000100000000000000000000000000000 [-4 -3 -2 2 -3 -4 -3]
11267 110002120000000000000000000000000000000000 [-2 0 2 -2 -3 0 -3]
11271 110000220000001000000000000000000000000000 [-3 0 0 2 -4 -4 -4]
11272 110000221000000000000000000000000000000000 [-4 -3 -3 -3 -4 -4 -4]
11273 111000220000000000000000000000000000000000 [-18 -18 -18 0 -18 -18 -18]
11274 110100220000000000000000000000000000000000 [-18 -18 -3 -18 -18 -18 -18]
11275 110010220000000000000000000000000000000000 [-3 -2 -3 0 0 -4 -4]
11276 110001220000000000000000000000000000000000 [-2 0 2 -1 -4 -2 0]
11277 110000220000010000000000000000000000000000 [-4 0 0 0 -3 -3 -4]
11311 101000020000002000000100000000000000000000 [-5 -2 0 0 -4 -5 -5]
11312 111000020000002000000000000000000000000000 [-1 -16 1 -16 1 -16 -16]
11313 101000020100002000000000000000000000000000 [-3 -3 -4 -3 -4 -3 -10]
11314 101100020000002000000000000000000000000000 [-18 -2 -18 -18 -18 -18 -18]
11315 101010020000002000000000000000000000000000 [0 -2 -17 1 -17 -3 -17]
11316 101001020000002000000000000000000000000000 [0 -3 -17 1 -3 -17 -17]
11317 101000120000002000000000000000000000000000 [1 0 1 2 -2 -4 -2]
11321 121000020000001000000000000000000000000000 [0 0 3 0 -1 2 -2]
11322 121000021000000000000000000000000000000000 [-2 0 -2 -4 -3 -2 -4]
11323 121000020100000000000000000000000000000000 [-3 -3 0 -3 -4 -3 -4]
11324 121100020000000000000000000000000000000000 [-2 0 0 0 -1 -2 -4]
11325 121010020000000000000000000000000000000000 [-2 0 2 0 1 0 -3]
11326 121001020000000000000000000000000000000000 [-3 0 2 0 -3 -4 -4]
11327 121000120000000000000000000000000000000000 [0 1 3 1 0 2 -1]
11331 101000020200001000000000000000000000000000 [0 3 3 2 1 2 0]
11332 111000020200000000000000000000000000000000 [-18 -18 -18 2 -18 -18 -18]
11333 101000020200000010000000000000000000000000 [-4 -2 -2 0 -3 -3 -5]
11334 101100020200000000000000000000000000000000 [-18 0 -18 -18 -18 -18 -18]
11335 101010020200000000000000000000000000000000 [-17 2 -17 4 -17 0 -17]
11336 101001020200000000000000000000000000000000 [-17 2 -17 2 0 -17 -17]
11337 101000120200000000000000000000000000000000 [1 3 3 2 0 1 0]
11341 101200020000001000000000000000000000000000 [0 0 2 5 2 2 2]
11342 111200020000000000000000000000000000000000 [1 2 2 4 0 0 0]
11343 101200020100000000000000000000000000000000 [-3 -3 1 -3 -2 -2 -3]
11344 101200020010000000000000000000000000000000 [-3 -4 -3 0 -4 -4 -4]
11345 101210020000000000000000000000000000000000 [1 0 4 4 4 0 0]
11346 101201020000000000000000000000000000000000 [1 0 2 4 -2 0 -2]
11347 101200120000000000000000000000000000000000 [2 1 2 6 -2 0 0]
11351 101020020000001000000000000000000000000000 [-2 -1 1 2 -2 -3 -3]
11352 111020020000000000000000000000000000000000 [-1 -16 1 -16 1 -16 -16]
11353 101020020100000000000000000000000000000000 [-4 -4 -1 -2 -3 -12 -10]
11354 101120020000000000000000000000000000000000 [-18 -1 -18 -18 -18 -18 -18]
11355 101020020001000000000000000000000000000000 [-4 -4 -2 -2 -4 -10 -4]
11356 101021020000000000000000000000000000000000 [-3 -3 0 -2 -2 -2 -4]
11357 101020120000000000000000000000000000000000 [-2 0 0 -2 2 -4 -2]
11361 101002020000001000000000000000000000000000 [-2 2 2 2 -3 -2 -3]
11362 111002020000000000000000000000000000000000 [-1 -16 1 -16 1 -16 -16]
11363 101002020100000000000000000000000000000000 [-3 -3 0 -2 -12 -10 -7]
11364 101102020000000000000000000000000000000000 [-18 -2 -18 -18 -18 -18 -18]
11365 101012020000000000000000000000000000000000 [-3 0 0 0 0 -2 -3]
11366 101002020000100000000000000000000000000000 [-5 -3 -3 -2 -3 -5 -4]
11367 101002120000000000000000000000000000000000 [-4 2 1 0 -4 0 -3]
11371 101000220000001000000000000000000000000000 [-4 -2 0 2 -3 -3 -5]
11372 111000220000000000000000000000000000000000 [-1 -16 1 -16 1 -16 -16]
11373 101000220100000000000000000000000000000000 [-10 -4 -4 -3 -10 -7 -11]
11374 101100220000000000000000000000000000000000 [-18 -4 -18 -18 -18 -18 -18]
11375 101010220000000000000000000000000000000000 [-17 -3 -17 0 -17 -3 -17]
11376 101001220000000000000000000000000000000000 [-17 -4 -17 -2 -4 -17 -17]
11377 101000220000010000000000000000000000000000 [-5 -1 -1 1 -1 -2 -5]
11411 100100020000002000000100000000000000000000 [-5 -4 -5 -3 -4 -5 -5]
11412 110100020000002000000000000000000000000000 [-1 -16 1 -16 3 -1 -16]
11413 101100020000002000000000000000000000000000 [-1 -16 2 -1 -16 1 -16]
11414 100100020010002000000000000000000000000000 [-4 -4 -5 -4 -10 -5 -10]
