11 100000020000000000000000000000000000000000 [-2 0 0 1 -1 1 -1]
12 120000000000000000000000000000000000000000 [-2 -2 -3 -2 -2 -2 -2]
13 102000000000000000000000000000000000000000 [-3 -3 -1 -3 -3 -2 -4]
14 100200000000000000000000000000000000000000 [-5 -5 -5 -2 -5 -4 -4]
15 100020000000000000000000000000000000000000 [-5 -4 -1 1 -2 -2 -4]
16 100002000000000000000000000000000000000000 [-3 -3 -2 -2 -2 -1 -2]
17 100000200000000000000000000000000000000000 [-2 -1 -1 2 -2 -1 -2]
21 210000000000000000000000000000000000000000 [0 2 0 -2 2 -2 -1]
22 010000002000000000000000000000000000000000 [-3 -2 -2 -1 0 -1 -2]
23 012000000000000000000000000000000000000000 [-3 -1 -1 -3 -2 -2 -2]
24 010200000000000000000000000000000000000000 [-5 0 -4 0 -3 -5 -4]
25 010020000000000000000000000000000000000000 [-4 -2 -1 2 -1 -2 -2]
26 010002000000000000000000000000000000000000 [-3 2 0 2 2 0 -2]
27 010000200000000000000000000000000000000000 [-1 3 0 3 0 -2 -1]
31 201000000000000000000000000000000000000000 [0 0 0 2 0 0 -2]
32 021000000000000000000000000000000000000000 [-3 0 -1 -2 0 2 -2]
33 001000000200000000000000000000000000000000 [-4 0 -1 0 -3 -2 -3]
34 001200000000000000000000000000000000000000 [-5 -4 0 0 -3 -3 -5]
35 001020000000000000000000000000000000000000 [-1 -1 0 -2 0 -2 -3]
36 001002000000000000000000000000000000000000 [-2 0 0 0 0 0 -2]
37 001000200000000000000000000000000000000000 [-1 0 3 3 0 2 -1]
41 200100000000000000000000000000000000000000 [0 -2 2 4 3 3 2]
42 020100000000000000000000000000000000000000 [-2 2 -2 0 0 2 -2]
43 002100000000000000000000000000000000000000 [-3 -3 0 0 -2 2 1]
44 000100000020000000000000000000000000000000 [-3 -3 -2 1 -2 -3 -3]
45 000120000000000000000000000000000000000000 [1 2 -2 0 0 -3 -3]
46 000102000000000000000000000000000000000000 [-2 2 0 0 -2 2 -2]
47 000100200000000000000000000000000000000000 [2 3 3 4 2 -2 0]
51 200010000000000000000000000000000000000000 
52 020010000000000000000000000000000000000000 
53 002010000000000000000000000000000000000000 
54 000210000000000000000000000000000000000000 
55 000010000002000000000000000000000000000000 
56 000012000000000000000000000000000000000000 
57 000010200000000000000000000000000000000000 
61 200001000000000000000000000000000000000000 
62 020001000000000000000000000000000000000000 
63 002001000000000000000000000000000000000000 
64 000201000000000000000000000000000000000000 
65 000021000000000000000000000000000000000000 
66 000001000000200000000000000000000000000000 
67 000001200000000000000000000000000000000000 
71 200000100000000000000000000000000000000000 
72 020000100000000000000000000000000000000000 
73 002000100000000000000000000000000000000000 
74 000200100000000000000000000000000000000000 
75 000020100000000000000000000000000000000000 
76 000002100000000000000000000000000000000000 
77 000000100000020000000000000000000000000000 
