0
0
0
0
0
0
0
0
0
0
0
0
0
0
0
0
0
0
0
0
0
0
0
0
0
0
0
0
0
0
0
0
0
0
0
0
0
0
0
0
0
0
0
0
0
0
0
0
0
0
0
0
0
0
0
0
0
0
0
0
0
0
0
0
0
0
0
0.5
0.5
1
1
1
1.5
1.5
2
2
2
2
2
2
2
2
2
2
2
2
2
2
2
2
2
2
2
2
2
2
2
2
2
2
2
2
2
2
2
2
2
2
2
2
2
2
2
2
2
2
2
2.5
2.5
2.5
3
3.5
3.5
3.5
3.5
4
4
4
4
4
4
4
4
4
4
4
4
4
5.5
5.5
5.5
5.5
5.5
6
6
6
6
6
7
7
7
7
7
7
7.5
7.5
8
8
8
8
8
8
8.5
9
10
10
10
11
11
11.5
12.5
12.5
13
14
14.5
15.5
17.5
18.5
18.5
18.5
19
19
20.5
20.5
22
24
31.5
32
33
33
61.5
66.5
104
130
139
407.5
682
3379.5
3414
3422.5
3439
3451.5
3479.5
3487.5
3488
3493
3515
3533
3536.5
3544
3551
3593.5
3597
3615
3839
3857.5
3872
3875
3878.5
3878.5
3882.5
3883
3895.5
3904
3908.5
3912
3921
3929.5
3930.5
3941.5
3954
3956.5
3959.5
3965
3970.5
3977
3979
3983
4006.5
6758
6775
391075
